10
1000
1001
1002
1004
1005
1006
1007
1008
1009
101
1010
1011
1012
1013
1014
1015
1016
1018
1019
102
1021
1022
1023
1024
1025
1026
1027
1028
1029
103
1030
1031
1033
1034
1035
1036
1037
1038
1039
1040
1042
1043
1045
1046
1047
1048
105
1050
1051
1052
1055
1056
1057
1058
1059
106
1060
1061
1063
1069
107
1070
1071
1072
1073
1074
1075
1076
1077
1078
1079
108
1080
1081
1083
1084
1085
1086
1087
1088
1089
109
1090
1091
1092
1093
1095
1098
1099
11
110
1100
1101
1102
1103
1104
1106
1107
1108
1109
111
1110
1111
1112
1113
1114
1115
1116
1117
1118
1119
112
1120
1122
1123
1124
1125
1127
1128
1129
113
1130
1131
1132
1133
1134
1135
1136
1139
114
1140
1141
1142
1143
1144
1145
1146
1148
115
1150
1151
1153
1154
1155
1156
1157
1158
1159
116
1160
1161
1162
1163
1164
1165
1166
1167
1168
117
1170
1171
1172
1174
1175
1176
1177
1178
1179
1181
1182
1183
1184
1185
1186
1187
1188
1189
1190
1191
1192
1193
1195
1196
1197
1198
1199
12
1200
1201
1202
1204
1205
1206
1207
1208
1209
121
1210
1211
1212
1213
1216
1217
1218
1219
1220
1221
1222
1223
1224
1225
1227
1228
1229
123
1230
1231
1232
1233
1234
1235
1236
1238
1239
1240
1241
1243
1245
1247
1248
1249
1250
1251
1252
1253
1254
1255
1256
1257
1258
1259
126
1260
1261
1262
1263
1264
1265
1266
1267
1268
1269
127
1270
1271
1272
1273
1274
1275
1277
1278
1279
128
1280
1281
1282
1283
1284
1285
1287
1288
1290
1291
1294
1295
1296
1298
13
1300
1301
1302
1303
1304
1305
1307
1308
1309
1310
1311
1312
1313
1314
1315
1316
1317
1318
1319
132
1321
1322
1323
1324
1325
1326
1327
1328
1329
133
1330
1331
1332
1333
1334
1335
1336
1338
1339
134
1340
1341
1342
1343
1344
1345
1346
1347
1348
1349
1350
1352
1353
1354
1355
1356
1357
1358
136
1360
1361
1362
1363
1364
1365
1366
1367
1368
1369
137
1370
1371
1372
1373
1374
1375
1376
1377
1378
1379
138
1380
1381
1382
1383
1384
1385
1386
1387
1388
1389
139
1390
1391
1392
1393
1394
1395
1396
1397
1399
14
140
1400
1401
1402
1403
1404
1405
1406
1408
1409
141
1410
1411
1412
1413
1414
1415
1416
1417
1418
1419
142
1420
1421
1422
1423
1424
1425
1426
1427
1428
1429
143
1430
1431
1432
1433
1434
1435
1436
1438
1439
144
1440
1442
1443
1445
1446
1447
1448
145
1450
1451
1452
1454
1455
1456
1457
1458
1459
146
1460
1462
1463
1464
1465
1466
1468
1469
147
1473
1474
1475
1476
1477
148
1482
1483
1484
1485
1486
1487
1488
1489
149
1490
1491
1492
1493
1494
1495
1496
1497
1498
1499
15
150
1500
1501
1502
1503
1504
1505
1506
1508
1509
151
1510
1511
1512
1513
1514
1516
1518
1519
152
1520
1521
1522
1523
1524
1525
1527
1528
1529
153
1530
1531
1532
1533
1534
1535
1536
1537
1538
1539
154
1540
1542
1543
1544
1545
1546
1548
1549
155
1550
1551
1552
1553
1554
1555
1557
1558
1559
156
1560
1561
1562
1563
1564
1565
1566
1567
1569
157
1570
1571
1572
1575
1576
1577
1578
1579
158
1580
1581
1582
1583
1584
1585
1586
1587
1588
1589
159
1590
1591
1592
1593
1594
1595
1596
1597
1598
1599
160
1600
1601
1602
1603
1604
1605
1606
1607
1608
1609
161
1610
1611
1612
1613
1615
1616
1617
1618
1619
162
1620
1621
1622
1623
1624
1625
1626
1628
1629
1630
1631
1632
1633
1634
1635
1636
1637
1638
1639
164
1640
1641
1642
1643
1644
1645
1646
1647
1648
1649
165
1650
1651
1652
1653
1654
1655
1656
1657
1658
1659
166
1660
1661
1662
1663
1664
1665
1666
1667
1668
1669
167
1670
1671
1672
1673
1674
1675
1676
1679
1680
1681
1682
1683
1684
1685
1686
1687
1688
169
1690
1691
1692
1693
1695
1696
1697
1699
17
170
1700
1701
1702
1704
1706
1707
1708
1709
171
1711
1712
1713
1716
1717
1718
1719
172
1720
1721
1723
1724
1725
1726
1727
1728
1729
173
1730
1731
1732
1733
1734
1735
1736
1737
1738
174
1740
1741
1742
1743
1744
1745
1747
1748
175
1750
1752
1754
1755
1756
1757
1758
1759
176
1760
1761
1762
1763
1764
1766
1767
1768
1769
177
1770
1771
1772
1773
1774
1775
1776
1777
1778
1779
178
1780
1781
1782
1783
1784
1786
1787
1788
1789
179
1790
1791
1792
1795
1796
1797
1798
1799
18
180
1800
1801
1802
1803
1804
1805
1806
1807
1808
1809
1810
1811
1812
1813
1814
1815
1816
1817
1818
1819
182
1820
1821
1822
1826
1827
1828
183
1830
1831
1832
1833
1834
1835
1836
1837
1838
1839
184
1840
1841
1842
1843
1845
1846
1847
1849
185
1850
1851
1852
1853
1854
1856
1857
186
1860
1863
1864
1866
1867
1868
1869
187
1870
1871
1872
1873
1874
1875
1876
1877
1878
1879
188
1880
1881
1882
1883
1884
1885
1886
1888
1889
189
1891
1892
1893
1894
1895
1896
1897
1898
1899
19
190
1900
1901
1903
1904
1905
1906
1907
1909
191
1910
1911
1912
1913
1914
1915
1916
1918
1919
192
1921
1922
1923
1926
1927
1928
1929
1930
1932
1933
1934
1937
1938
1939
194
1940
1941
1942
1943
1944
1945
1946
1948
1949
195
1950
1952
1953
1954
1955
1956
1957
1958
1959
1960
1961
1962
1963
1964
1965
1967
1968
1969
197
1970
1971
1972
1973
1974
1975
1979
1981
1983
1986
1987
1988
1989
1990
1991
1992
1993
1994
1996
1997
1999
2
20
2000
2001
2002
2003
2004
2007
2008
201
2011
2012
2013
2014
2015
2016
2018
2019
202
2021
2022
2023
2025
2026
2027
2028
2029
2030
2031
2032
2033
2034
2035
2036
2038
2039
204
2040
2041
2042
2043
2045
2046
205
2050
2051
2052
2054
2055
2056
2057
2058
2059
206
2060
2061
2062
2063
2065
2066
2067
2068
2069
207
2075
2076
2077
2078
208
2080
2081
2082
2083
2084
2085
2087
2088
2089
209
2090
2091
2093
2095
2096
2097
2098
2099
21
210
2100
2101
2105
2106
2107
2108
2109
211
2110
2111
2112
2114
2115
2118
212
2121
2122
2123
2124
2125
2126
2127
2128
2129
213
2130
2131
2132
2133
2134
2136
2137
2138
2139
214
2140
2141
2143
2144
2147
2149
215
2150
2151
2152
2153
2154
2155
2156
2157
2158
2159
216
2160
2161
2162
2163
2165
2166
2169
217
2173
2174
2175
2176
2177
2178
2179
218
2180
2181
2182
2184
2185
2186
2187
2188
2189
219
2191
2192
2193
2194
2195
2196
2197
2198
2199
22
220
2202
2203
2204
2205
2206
2207
2208
221
2210
2211
2212
2213
2214
2215
2216
2217
2218
2219
222
2220
2221
2222
2224
2226
2227
2228
2229
223
2230
2231
2232
2233
2234
2235
2236
2237
2238
2239
224
2240
2241
2242
2243
2244
2246
2247
2248
2249
225
2250
2252
2255
2256
2258
226
2260
2261
2264
2265
2266
2267
2268
2269
227
2270
2271
2272
2273
2274
2275
2276
2277
2278
2279
228
2280
2281
2282
2283
2284
2285
2286
2287
2288
2289
2290
2291
2292
2293
2295
2296
2297
2298
2299
23
230
2300
2301
2302
2303
2304
2305
2306
2307
2308
2309
231
2310
2311
2312
2313
2314
2315
2317
2318
2319
2320
2321
2322
2323
2324
2325
2326
2327
2328
2329
233
2330
2331
2333
2334
2335
2336
2337
2338
234
2341
2342
2343
2345
2349
235
2350
2351
2352
2353
2354
2355
2356
2357
2358
2359
236
2360
2362
2363
2364
2366
2367
2368
237
2372
2374
2377
2378
2379
2380
2381
2382
2383
2384
2385
2386
2387
239
2390
2391
2393
2394
2396
2397
2398
2399
24
240
2400
2402
2403
2404
2406
2407
2408
2409
241
2410
2412
2413
2414
2415
2416
2417
2418
242
2420
2421
2422
2423
2425
2426
2427
2428
2429
243
2430
2431
2432
2433
2434
2435
2436
2437
2438
2439
2440
2441
2442
2443
2444
2445
2446
2447
2448
2449
245
2450
2451
2452
2453
2454
2455
2456
2457
2458
2459
246
2460
2461
2462
2463
2464
2465
2466
2467
2468
2469
247
2470
2471
2472
2473
2474
2475
2476
2477
2478
2479
248
2480
2481
2482
2483
2484
2486
2487
2488
2489
249
2491
2492
2493
2494
2495
2496
2497
2498
2499
25
250
2500
2501
2502
2503
2504
2505
2506
2507
2508
2509
251
2510
2511
2512
2513
2515
2516
2517
2518
2519
252
2520
2521
2522
2523
2524
2525
2526
2527
2528
2529
253
2530
2531
2532
2533
2534
2535
2537
2538
2539
254
2540
2541
2542
2543
2545
2547
2548
2549
255
2550
2551
2553
2555
2556
2557
2558
2559
256
2560
2561
2563
2564
2565
2566
2567
2568
257
2570
2571
2572
2573
2574
2575
2576
2577
2578
2579
258
2580
2581
2582
2583
2584
2585
2586
2587
2588
2589
259
2590
2591
2592
2593
2594
2595
2597
2599
26
260
2600
2601
2602
2604
2605
2606
2607
2608
2609
261
2610
2611
2612
2613
2614
2615
2616
2617
2618
2619
262
2620
2621
2622
2623
2624
2625
2626
2627
2628
2629
263
2630
2631
2632
2634
2635
2636
2638
2639
264
2640
2641
2642
2643
2644
2645
2646
2647
2648
2649
265
2650
2651
2652
2653
2654
2655
2656
2657
2658
2659
2660
2661
2663
2664
2665
2666
2667
2668
2669
267
2670
2671
2672
2674
2675
2676
2678
2679
268
2680
2681
2682
2683
2684
2685
2687
2688
2689
269
2690
2691
2692
2693
2694
2695
2696
2698
2699
27
2700
2701
2702
2703
2704
2705
2706
2707
2709
271
2710
2711
2712
2713
2715
2716
2718
2719
272
2720
2722
2723
2724
2725
2726
2728
2729
273
2730
2731
2732
2733
2734
2735
2736
2737
2738
2739
274
2740
2741
2742
2743
2744
2745
2746
2747
2748
2749
275
2750
2751
2752
2753
2754
2755
2756
2757
2758
2759
276
2760
2761
2762
2763
2765
2766
2767
2768
2769
277
2770
2771
2772
2773
2774
2775
2777
2778
2779
278
2780
2781
2782
2783
2785
2786
2787
2788
2789
279
2790
2791
2792
2793
2794
2795
2796
2797
2798
2799
28
280
2800
2801
2802
2803
2804
2805
2806
2807
2808
2809
281
2810
2811
2812
2813
2814
2815
2816
2817
2818
2819
282
2820
2821
2822
2823
2824
2825
2826
2827
2828
2829
283
2830
2831
2832
2833
2834
2835
2836
2837
2838
2839
284
2840
2841
2842
2843
2844
2845
2847
2848
2849
285
2850
2851
2852
2853
2855
2856
2857
2858
2859
286
2860
2861
2862
2863
2864
2865
2866
2867
2868
2869
287
2870
2871
2872
2873
2874
2876
2877
2878
2879
2881
2882
2883
2884
2885
2886
2887
2888
2889
289
2890
2891
2892
2893
2894
2895
2896
2897
2898
29
290
2900
2901
2902
2903
2904
2906
2907
2908
2909
2910
2911
2912
2913
2914
2915
2916
2917
2918
2919
292
2920
2921
2922
2923
2924
2925
2926
2927
2928
2929
293
2932
2933
2935
2936
2938
2939
294
2940
2941
2942
2943
2944
2945
2946
2947
2948
2949
295
2950
2951
2952
2953
2954
2955
2956
2957
2958
296
2960
2961
2962
2963
2964
2965
2966
2967
2968
2969
2970
2971
2972
2973
2974
2975
2976
2978
2979
298
2981
2982
2983
2984
2985
2986
2987
2988
2989
299
2990
2991
2993
2994
2995
2998
2999
3
30
3000
3001
3002
3003
3004
3005
3006
3008
3009
301
3010
3011
3012
3013
3014
3015
3016
3017
3019
302
3021
3024
3025
3026
3027
3028
303
3030
3031
3032
3033
3034
3035
3037
3038
3039
304
3040
3043
3046
3047
3048
3049
305
3050
3051
3052
3053
3054
3055
3056
3057
3058
306
3060
3061
3063
3064
3065
3066
3067
3068
3069
3070
3071
3072
3073
3074
3075
3076
3077
3078
3079
308
3081
3082
3083
3084
3085
3086
3087
3088
3089
309
3090
3092
3093
3095
3097
3098
3099
31
310
3100
3101
3102
3103
3105
3106
3107
3108
3109
311
3110
3111
3112
3113
3114
3115
3116
3117
3118
3119
312
3120
3121
3122
3123
3124
3125
3127
3128
3129
313
3130
3131
3132
3133
3134
3135
3136
3137
3139
314
3140
3141
3142
3143
3144
3145
3147
3148
3149
315
3150
3151
3152
3153
3154
3155
3156
3157
3158
3159
316
3160
3161
3162
3163
3164
3165
3166
3167
3168
3169
317
3170
3171
3172
3173
3174
3175
3176
3178
3179
318
3180
3181
3183
3185
3186
3187
3189
3190
3191
3193
3194
3195
3196
3197
3198
32
320
3200
3201
3204
3205
3206
3207
3208
3209
321
3210
3213
3214
3215
3216
3217
3218
3219
322
3220
3221
3222
3225
3226
3228
323
3231
3232
3233
3234
3235
3236
3237
3239
324
3240
3241
3242
3243
3244
3245
3246
3248
3249
325
3250
3251
3252
3253
3254
3255
3256
3257
3258
3259
326
3261
3262
3263
3264
3265
3267
3268
3272
3273
3274
3275
3276
3278
3279
328
3280
3281
3283
3284
3286
3287
3288
3289
3290
3291
3292
3295
3296
3297
3298
3299
33
3300
3301
3302
3303
3304
3305
3306
3307
3308
3309
331
3310
3311
3312
3313
3314
3315
3316
3317
3320
3321
3323
3324
3325
3326
3327
3329
333
3330
3331
3332
3334
3335
3336
3337
3338
3340
3341
3342
3343
3345
3346
3347
3348
3349
335
3350
3351
3352
3353
3354
3355
3356
3357
3358
3359
336
3361
3362
3363
3364
3365
3366
3367
3368
3369
337
3370
3371
3373
3374
3375
3376
3377
3378
3379
338
3381
3382
3383
3384
3385
3386
3387
3388
3389
339
3390
3391
3392
3393
3394
3395
3396
3397
3398
3399
34
340
3400
3401
3403
3404
3405
3408
3409
341
3410
3412
3413
3415
3416
3417
3419
342
3420
3422
3424
3425
3428
3429
343
3430
3432
3434
3435
3437
3438
344
3441
3442
3443
3445
3446
3447
3448
3449
345
3450
3451
3452
3453
3454
3455
3456
3457
3460
3461
3462
3463
3464
3465
3466
3467
3468
3469
347
3470
3471
3472
3473
3474
3475
3476
3477
3478
348
3480
3481
3482
3483
3484
3486
3487
3488
3489
349
3490
3491
3493
3494
3495
3496
3497
3498
3499
35
350
3500
3501
3502
3503
3504
3506
3509
351
3510
3512
3513
3514
3515
3516
3517
3518
3519
3521
3522
3523
3524
3525
3526
3527
3528
3529
3530
3531
3532
3533
3534
3535
3536
3537
3538
354
3540
3541
3542
3543
3544
3545
3546
3547
3548
3549
355
3550
3551
3552
3554
3555
3556
3557
3558
3559
3560
3561
3562
3563
3564
3565
3566
3567
3568
3569
357
3570
3571
3572
3573
3574
3575
3576
3577
3578
3579
3580
3581
3582
3583
3584
3585
3586
3587
3588
3589
359
3590
3591
3592
3593
3594
3595
3596
3597
3598
3599
36
3600
3601
3602
3604
3605
3607
3608
3609
361
3610
3611
3612
3613
3614
3615
3616
3617
3618
3619
362
3622
3623
3624
3625
3626
3627
3628
3629
363
3630
3631
3632
3633
3634
3635
3636
3637
3638
3639
364
3641
3642
3643
3644
3645
3646
3647
3648
3649
365
3650
3651
3652
3653
3655
3656
3657
3658
3659
366
3660
3661
3662
3663
3664
3665
3666
3667
3668
3669
367
3670
3671
3672
3673
3674
3677
3678
3679
368
3681
3682
3683
3684
3685
3686
3687
3688
3689
3690
3691
3692
3697
3699
37
370
3700
3701
3703
3704
3705
3706
3708
3709
371
3710
3711
3713
3714
3717
3718
372
3720
3722
3723
3728
3729
3730
3731
3732
3733
3734
3735
3737
3739
374
3741
3743
3744
3745
3747
3748
3749
375
3750
3751
3753
3754
3756
3757
3758
3759
376
3760
3761
3763
3764
3765
3766
3767
3768
3769
377
3770
3771
3772
3773
3774
3776
3777
3778
378
3780
3782
3783
3784
3785
3786
3788
3789
3790
3792
3793
3795
3796
3797
3798
3799
38
380
3800
3801
3802
3803
3804
3805
3808
3809
381
3810
3811
3813
3814
3815
3816
3817
3818
3820
3821
3822
3823
3824
3825
3826
3827
3828
3829
383
3831
3832
3833
3834
3835
3836
3837
3838
3839
384
3840
3841
3842
3843
3844
3845
3846
3849
385
3850
3851
3853
3854
3855
3856
3857
3858
3859
386
3860
3861
3862
3863
3864
3865
3866
3867
3868
3869
387
3870
3871
3872
3873
3874
3875
3876
3878
3879
388
3880
3881
3882
3883
3884
3885
3886
3887
3888
389
3890
3891
3892
3893
3895
3896
3897
3898
3899
39
390
3900
3901
3902
3903
3905
3906
3907
3908
3909
391
3910
3912
3913
3914
3916
3917
3918
3919
392
3920
3921
3924
3925
3926
3927
3928
3929
3930
3932
3933
3934
3936
3937
3938
394
3940
3941
3942
3943
3944
3945
3946
3948
3949
395
3950
3951
3953
3954
3955
3956
3957
3959
396
3960
3961
3962
3963
3965
3966
3967
3968
3969
397
3970
3971
3972
3973
3974
3978
3979
3980
3983
3984
3985
3986
3987
3988
3989
399
3992
3993
3994
3995
3997
3998
4
40
4000
4001
4002
4003
4004
4005
4006
4007
4008
401
4010
4011
4014
4015
4016
4017
4018
402
4020
4021
4022
4023
4025
4027
4028
4029
403
4030
4031
4033
4034
4035
4036
4037
4038
4039
4040
4041
4042
4043
4044
4045
4046
4047
4048
4049
405
4050
4051
4052
4053
4054
4055
4056
4057
4058
4059
406
4060
4061
4062
4063
4065
4066
4068
407
4070
4071
4073
4074
4075
4076
4077
4078
4079
408
4080
4081
4082
4083
4084
4085
4086
4087
4088
4089
4090
4091
4092
4093
4094
4095
4096
4097
4098
4099
41
410
4100
4101
4103
4104
4105
4106
4109
411
4111
4112
4113
4114
4115
4116
4117
4118
412
4120
4122
4123
4124
4125
4126
4127
4128
4129
413
4130
4131
4133
4135
4136
4139
414
4140
4141
4143
4144
4146
4147
4148
4149
4151
4152
4153
4155
4157
4158
4159
416
4160
4161
4162
4163
4164
4166
4167
4170
4171
4172
4174
4175
4176
4177
4178
4179
4180
4181
4182
4183
4184
4185
4186
4187
4189
4190
4191
4193
4194
4195
4196
4197
4198
4199
42
420
4200
4201
4202
4203
4204
4205
4207
4208
4209
4210
4211
4212
4213
4214
4215
4216
4217
4218
4219
422
4220
4222
4224
4225
4226
4227
4228
423
4230
4232
4234
4235
4236
4237
4238
424
4243
4245
4246
4247
4248
4250
4251
4252
4253
4256
4257
4258
4259
426
4260
4261
4262
4263
4264
4265
4266
4267
4268
427
4270
4271
4272
4273
4274
4275
4276
4277
4278
4279
428
4280
4281
4282
4284
4285
4286
4288
4289
429
4290
4291
4292
4293
4294
4295
4298
4299
43
430
4300
4301
4302
4303
4304
4305
4306
4307
4308
4309
431
4310
4311
4312
4313
4314
4315
4316
4317
4318
4319
432
4320
4322
4323
4324
4325
4326
4327
4328
4329
433
4330
4331
4332
4333
4335
4336
4337
4338
433963
434
434004
434056
4342
4344
4345
4346
4347
434743
434786
4348
434843
434880
4349
434938
434966
435
4350
435007
435061
4351
435164
4352
435228
435299
4353
435330
4354
435469
4355
4356
4357
4358
4359
436
4360
4361
4362
4363
4364
4365
4366
4367
4368
4369
4370
4371
4372
4373
4374
437422
4375
4376
437655
4377
4378
4379
438
4380
4381
4382
4383
4384
4385
4386
4387
4388
438855
4389
439
4390
4391
4392
4393
4394
439498
4395
4397
4398
4399
44
440
4400
4401
4402
440238
4403
4404
4405
440549
440579
4406
440605
4407
440710
4408
4409
441
4410
441001
4411
4412
4413
4414
4415
4416
4417
441716
4418
4419
442
4420
4422
4423
4424
4425
4426
4427
442791
4428
442821
442884
442958
443
4430
4431
443167
4432
443345
4434
4435
4436
443600
4437
4438
4439
444
4441
4442
4443
4444
4445
4448
4449
445
4451
445178
4452
4453
4454
4455
4457
4458
446
4460
4461
4462
4463
4464
4465
4466
4467
4468
4469
447
4470
4472
4473
4474
447442
447472
4475
447503
4476
447660
447756
447795
4478
4479
447917
447958
448
4480
4481
4482
448275
4485
4486
4487
4488
4489
449
4490
4491
4492
4493
4494
4495
4496
4497
4498
4499
45
4500
4502
4503
4504
4505
4506
450652
450658
4507
4509
451
4510
451069
4511
4512
4514
451486
4515
4518
4519
452
4520
452085
4521
4522
4524
4526
4527
4528
4529
453
4530
4531
4532
4533
4534
4536
4537
4538
4539
454
4540
4541
4542
4543
4544
4545
4547
4548
4549
455
4551
4552
4553
4555
4556
4557
4558
4559
456
4560
4562
4563
4564
4565
4566
4567
4568
4569
457
4570
4572
4573
4574
4575
4576
4577
4578
4579
458
4580
4581
4582
4583
4584
4585
4588
459
4591
4593
4595
4596
4597
4598
460
4600
4601
4602
4605
4606
4608
461
4612
4613
4614
4616
4617
4618
4619
462
4620
4621
4622
4623
4625
4626
4627
4628
4629
463
4630
4631
4632
4633
4634
4635
4636
4637
4638
4639
464
4640
4641
4642
4643
4644
4645
4646
4648
4649
465
4650
4651
4653
4654
4655
4656
4657
4658
466
4660
4662
4663
4664
4665
4666
4667
4668
4669
467
4670
4671
4672
4673
4674
4675
4676
468
4680
4681
4682
4683
4684
4685
4686
4687
4688
4689
469
4690
4691
4692
4695
4696
4697
47
470
4700
4702
4703
4704
4705
4706
4707
4708
4709
4713
4714
4715
4716
4717
4718
4719
472
4720
4721
4722
4723
4724
4725
4726
4727
4728
4729
473
4730
4731
4732
4733
4734
4735
4736
4737
4738
4739
474
4740
4741
4742
4743
4745
4746
4747
4748
4749
475
4750
4752
4755
476
4760
4761
4762
4763
4764
4767
4768
4769
477
4771
4773
4774
4775
4777
4778
4779
478
4780
4781
4782
4783
4784
4787
4788
4789
479
4790
4791
4793
4795
4796
4797
4798
4799
48
4800
4801
4802
4806
4808
4809
481
4810
4812
4813
4814
4815
4816
4817
4818
4819
4820
4821
4822
4823
4824
4825
4827
4828
4829
483
4830
4831
4832
4833
4834
4835
4836
4837
4838
4839
484
4840
4841
4842
4843
4844
4845
4847
4848
4849
4850
4851
4852
4853
4854
4855
4856
4857
4858
4859
486
4860
4861
4862
4863
4865
4868
487
4873
4876
4877
4878
4879
488
4880
4881
4882
4883
4884
4885
4886
4888
4889
4891
4892
49
490
4900
491
492
4921
4930
494
496
4966
497
498
4983
4984
499
4994
5
50
500
5000
501
5010
5011
5012
5013
5014
5016
5017
5018
5019
502
5020
5021
5023
5024
5025
5026
5028
5029
5030
5031
5032
5033
5034
5035
5036
5037
5039
504
5040
5041
5042
5043
5045
5047
5048
5049
505
5050
5051
5052
5053
5055
5057
5059
506
5061
5062
5063
5065
5066
507
5070
5071
5072
5073
5075
5076
5077
5078
5079
5080
5081
5083
5085
5088
5089
509
5090
5091
5092
5093
5094
5095
5096
5097
5098
5099
51
510
5100
5102
5104
5105
5106
5108
5109
511
5110
5111
5112
5114
5115
5116
5118
5119
512
5120
5122
5123
5124
5125
5126
5127
5128
5129
513
5130
5131
5132
5133
5134
5136
5137
5138
5139
514
5140
5141
5143
5144
5145
5146
5148
5149
515
5150
5151
5152
5153
5154
5155
5156
5157
5158
5159
516
5160
5161
5163
5164
5166
5167
5168
5169
517
5170
5171
5172
5173
5174
5175
5176
5177
5178
5179
518
5181
5182
5183
5184
5185
5186
5187
5188
5189
519
5190
5191
5192
5193
5194
5195
5196
5198
52
520
5200
5201
5202
5203
5204
5205
5206
5207
5208
5209
521
5210
5211
5212
5214
5215
5216
5217
5218
5219
522
5221
5223
5224
5225
5226
5227
5228
5229
523
5230
5231
5232
5233
5234
5235
5236
5237
5238
5239
524
5240
5241
5242
5243
5245
5246
5247
5248
5249
525
5251
5252
5253
5254
5255
5256
5257
5258
5259
526
5260
5261
5262
5263
5265
5266
5267
5268
5269
527
5270
5271
5272
5273
5274
5275
5277
528
5280
5281
5282
5283
5284
5287
5288
5289
529
5290
5291
5292
5293
5294
5295
5296
5297
5298
53
530
5300
5301
5303
5304
5305
5306
5307
5308
5309
531
5310
5311
5312
5313
5314
5315
5316
5317
5318
5319
532
5320
5321
5322
5323
5324
5325
5326
5327
5328
5329
533
5330
5331
5332
5333
5334
5335
5336
5337
5338
5339
534
5341
5342
5343
5344
5345
5346
5348
5349
535
5350
5351
5352
5353
5354
5356
5358
5359
536
5360
5361
5362
5363
5364
5365
5367
5368
5369
5370
5371
5372
5373
5374
5375
5376
538
5380
5381
5382
5383
5384
5385
5386
5387
5389
539
5390
5392
5394
5395
5396
5397
5399
54
540
5400
5403
5404
5405
5406
5407
5408
5409
541
5410
5411
5412
5413
5414
5415
5416
5417
5418
5419
542
5420
5421
5422
5424
5426
5427
5428
5429
543
5431
5432
5433
5436
5437
5438
5439
544
5440
5441
5442
5443
5445
5447
5448
5449
545
5450
5451
5452
5453
5454
5455
5456
5457
5458
5459
546
5460
5461
5462
5463
5464
5465
5466
5467
5469
5470
5472
5475
5476
5479
548
5480
5481
5482
5483
5484
5485
5486
5487
5488
549
5490
5491
5492
5493
5494
5496
5497
5498
5499
55
550
5500
5501
5502
5503
5504
5505
5506
5507
5508
5509
551
5511
5512
5513
5514
5515
5518
5519
552
5520
5522
5523
5524
5525
5526
5527
5528
553
5530
5532
5533
5534
5535
5536
5537
5538
5539
554
5540
5541
5542
5543
5544
5545
5546
5547
5548
5549
555
5550
5551
5552
5553
5554
5555
5556
5557
5558
5559
556
5560
5561
5562
5563
5565
5566
5567
5568
5569
557
5570
5571
5572
5573
5574
5575
5576
5577
5578
5579
558
5580
5581
5582
5583
5584
5585
5586
5587
5588
5589
5590
5592
5593
5594
5595
5596
5597
5598
5599
56
560
5600
5601
5604
5605
5606
5607
5608
5609
561
5610
5611
5612
5613
5614
5615
5616
5617
5618
5619
562
5620
5622
5624
5627
5628
5629
563
5630
5631
5632
5633
5634
5635
5636
5637
5639
564
5640
5642
5643
5644
5645
5646
5647
5648
5649
565
5650
5651
5652
5653
5654
5657
5658
5659
566
5666
5667
5668
5669
567
5670
5671
5672
5673
5674
5675
5676
5677
5678
568
5680
5681
5682
5683
5684
5685
5686
5688
5689
569
5690
5691
5692
5693
5694
5695
5696
5697
5698
5699
57
570
5700
5701
5703
5704
5705
5706
5707
5708
5709
571
5710
5711
5712
5713
5714
5715
5716
5717
5718
5719
572
5720
5721
5722
5723
5724
5725
5726
5728
5729
573
5730
5732
5733
5734
5736
5738
5739
574
5740
5741
5742
5743
5744
5745
5746
5747
5748
5749
575
5750
5751
5752
5753
5754
5755
5756
5757
576
5760
5761
5762
5763
5764
5765
5766
5767
5768
5769
5770
5771
5772
5774
5775
5776
5777
5778
5779
578
5780
5781
5782
5783
5784
5785
5786
5787
5788
579
5790
5791
5792
5793
5794
5796
5797
5798
5799
58
580
5800
5802
5805
5806
5807
5808
5809
581
5810
5811
5812
5813
5814
5815
5816
5817
5818
5819
582
5820
5821
5822
5823
5824
5825
5826
5827
5829
583
5831
5832
5833
5834
5835
5836
5837
5839
584
5840
5841
5842
5843
5844
5845
5846
5847
5848
5849
585
5850
5851
5852
5853
5854
5855
5856
5857
5858
5859
5860
5861
5862
5864
5865
5866
5867
5868
5869
5870
5871
5872
5873
5874
5876
5877
5878
5879
588
5880
5881
5882
5883
5884
5885
5886
5887
5888
5889
589
5890
5891
5892
5893
5894
5895
5896
5897
5898
5899
59
590
5900
5901
5902
5903
5904
5905
5907
5908
5909
5910
5911
5912
5913
5914
5915
5916
5917
5919
592
5920
5921
5922
5923
5925
5926
5927
5928
5929
593
5930
5932
5933
5934
5935
5936
5937
5938
5939
5940
5941
5942
5943
5944
5945
5946
5947
5948
5949
5950
5951
5952
5953
5954
5956
5958
5959
596
5960
5962
5963
5964
5965
5966
5967
5968
5969
597
5970
5971
5972
5973
5974
5977
5978
5979
598
5982
5985
5986
5987
5988
5989
5990
5991
5992
5993
5994
6
60
600
6004
6005
6007
6008
6009
601
6010
6011
6012
6013
6016
6017
6018
6019
602
6020
6021
6022
6023
6024
6025
6026
6027
6028
6029
603
6030
6031
6033
6034
6035
6036
6038
6039
604
6041
6042
6043
6044
6045
6047
6048
6049
605
6050
6051
6052
6053
6054
6056
6057
6059
606
6060
6061
6062
6064
6067
607
6072
6076
6079
608
6081
6084
6088
6089
609
6091
6093
6094
6095
6099
61
610
6100
6101
6103
6104
6105
6106
6108
611
6110
6111
6112
6114
6115
6116
6117
612
6120
6121
6124
6125
6126
6128
6129
613
6130
6132
6133
6134
6135
6136
6138
6139
614
6140
6142
6143
6146
6148
6150
6151
6152
6155
616
6163
6171
6173
6174
6176
618
6182
6188
6189
619
6191
6192
6194
6195
6196
6197
6198
6199
62
620
6200
6201
6202
6207
6210
6212
6215
6216
6218
6219
622
6222
6223
623
6230
6231
6233
6236
6237
6238
6239
624
6240
6241
6242
6246
6247
6249
625
6251
6252
6254
6255
6256
6257
626
6260
6263
6264
6266
6267
6268
6269
627
6271
6272
6273
6274
6276
6278
628
6282
6283
6284
6285
6286
6287
6288
6289
6292
6294
6295
6296
6297
6298
63
630
6300
6302
6303
6304
6306
6307
6308
6309
6310
6312
6313
6315
6316
6318
632
6320
6321
6322
6324
6325
6326
6328
633
6332
6333
6334
6335
634
6340
6342
6343
6345
6347
6348
635
6350
6353
6356
6357
6358
6359
636
6360
6361
6362
6363
6364
6365
6366
6367
6369
637
6370
6371
6373
6374
6375
6376
6377
6378
6379
638
6382
6384
6396
6397
6398
64
6400
6401
6402
6403
6404
6405
6406
6407
6408
6409
6410
6411
6412
6413
642
644
646
648
650
651
652
653
6534
6536
6541
6542
6543
6544
6545
6546
6547
6548
6549
655
6550
6553
6554
6555
6557
6558
6559
656
6560
6562
6563
6564
6566
6567
6568
6569
659
660
6609
661
6613
6614
6615
6616
6617
6618
6619
662
6621
6623
6624
6625
6626
6627
6628
663
664
665
666
667
668
6697
6699
670
6700
6701
6702
6703
6704
6705
6706
6708
6709
671
6710
6713
6714
6715
6718
672
6720
6721
6722
6723
6724
6725
6726
6727
673
6735
6736
6737
6738
6739
674
6740
6741
6745
6747
6748
6749
675
6750
6751
6752
6753
6755
6756
6757
676
6763
6767
6768
677
6770
6771
6772
6773
6774
6775
6776
6777
6778
6779
678
6781
6782
6783
6785
6786
6787
6788
6789
679
6790
68
680
681
682
6821
6822
6824
6825
683
684
6848
6849
685
6850
6851
6852
6854
6855
686
6862
687
688
6884
6886
689
6890
6891
6892
6893
6894
6897
6899
69
690
6900
6901
6902
6903
6904
6905
6906
6907
6908
6909
691
6910
6911
6912
6913
6914
6915
6916
6917
6918
6919
692
6920
6921
6922
6923
6924
6925
6926
6927
6928
6929
693
6930
694
695
697
699
7
70
700
701
704
707
709
71
710
711
712
7126
7127
7128
7129
7130
7131
7132
7133
7135
7136
7137
7138
714
715
716
717
718
7184
7186
7190
7193
7194
7195
7198
7199
72
720
7201
7202
7204
7208
7214
7217
7218
7219
722
7221
7222
723
724
725
726
728
729
73
730
731
732
733
7337
734
7340
7341
7348
735
7351
7352
7353
7354
7355
7358
736
7363
7365
7366
737
7370
7373
7379
738
7382
7383
7384
7385
7387
7388
7389
739
7395
74
740
741
7410
7411
7412
7414
742
743
744
745
746
747
748
749
75
750
751
752
753
754
755
756
757
758
759
76
760
763
764
765
766
767
768
769
77
770
771
772
773
774
775
776
777
778
779
78
780
781
7810
7813
7814
7815
7816
7817
7818
782
7820
7825
7826
7829
783
7830
7834
7836
784
7840
7842
7844
7845
7849
7850
7852
7855
7859
786
7861
7862
7866
7868
7873
7875
7878
7879
788
7880
7881
7889
789
7890
7891
7892
7893
7895
7896
7899
79
790
7900
7901
7902
7903
7904
7905
7926
7927
7928
7929
793
7930
7931
7932
7934
7935
7936
7937
7938
7939
794
7941
7942
7944
7946
7947
7948
7949
795
7950
7951
7953
7954
7955
7956
796
7965
7966
7967
7968
7969
797
7970
7971
7972
7973
7974
7975
7976
7977
7978
7979
798
7980
7981
7982
7983
7984
7985
7986
799
8
80
800
8007
8008
801
802
803
804
805
806
807
809
81
810
811
812
813
814
815
816
817
818
8189
819
82
820
821
822
823
825
826
827
8279
828
8281
8282
8283
8284
8285
829
83
830
8301
8305
8308
831
8310
8318
832
8323
8329
833
8331
834
835
8354
8357
8366
837
838
8384
8386
839
8399
84
840
8407
841
8410
8411
8412
8414
8416
8418
842
8423
8424
8428
8429
843
8432
8433
8434
8435
8439
844
8443
8447
8448
8449
845
8450
8452
8453
8454
8457
8458
8459
846
8460
8461
8462
8463
8464
8465
8466
8468
8469
847
8470
8471
8474
8475
8476
8478
848
8480
8481
8482
8488
8489
849
8490
8498
85
850
8500
8504
851
8515
852
8528
853
8532
854
8542
8547
8549
855
8552
8553
856
857
858
859
86
860
861
862
863
864
865
866
867
868
869
87
870
871
872
873
874
875
876
877
878
879
88
881
883
884
885
886
887
888
889
89
890
891
893
894
895
896
897
898
899
9
903
904
906
909
91
910
911
912
913
914
915
916
917
918
919
92
920
921
922
923
924
925
926
927
928
929
93
930
931
932
933
934
935
936
937
94
940
941
942
943
944
945
946
947
948
95
950
951
952
953
954
956
957
958
959
96
960
961
962
965
966
968
969
97
970
971
972
973
975
976
977
978
979
98
980
981
982
985
986
989
99
990
993
994
995
996
997
998
c_047e5912
c_04ae3ba8
c_090e8e94
c_0a700c19
c_0e4239f5
c_1138d9d2
c_14d71455
c_1c478aa5
c_25fe24f4
c_2a1a9fdc
c_2efea99f
c_2f00dd5a
c_31da5694
c_3212cc75
c_324b44f1
c_39d242fc
c_3e6af2e7
c_406ad4cc
c_433922a6
c_4523e1dd
c_4e3beee2
c_4e75f061
c_54f7dd1f
c_59f9c651
c_5b447e3a
c_5ea6e5c4
c_6547ccb7
c_667f2c16
c_68ddcc11
c_6f7bbe63
c_749f2ce9
c_7f2d2214
c_8702d5f7
c_871b5612
c_8a658bb0
c_8a6f744c
c_8b0ac3e2
c_8c634c9b
c_8f89faac
c_9104c45f
c_96124aaf
c_9eb9cbaa
c_a18525ab
c_b0c14f45
c_b12a760a
c_b19d7503
c_b3e9d826
c_b54dc55a
c_c4c48e5c
c_c565cff5
c_d02647e2
c_d08207d1
c_d6ede0c7
c_d701b19c
c_d8d35f08
c_dcc650ef
c_dcf3f7c0
c_dd52c1e9
c_e2de1ffd
c_e4f135ba
c_e548b67f
c_e5d85c14
c_e5dbcb63
c_e749c083
c_e78f03db
c_f5ed5adb
c_fa0acac6
