0406
0411
0416
0421
0426
0431
0436
0806
0811
0816
0821
1006
1011
1016
1021
1206
1211
1216
1221
1226
1231
1236
1606
1611
1616
1621
1626
1631
2006
2011
2016
2021
2026
2031
2036
2406
2411
2416
2421
2426
2431
2436
2441
2446
2451
2806
2811
2816
2821
2826
2831
2836
2841
2846
3206
3211
3216
3221
3226
3231
3236
3606
3611
4006
4011
4016
4021
4026
4031
4406
4411
4416
4421
4426
4806
4811
4816
4821
4826
5206
5211
5216
5606
5611
5616
5621
5626
5631
5636
5641
6006
6011
6016
6021
6026
6031
6036
6406
6411
6416
6606
6611
6616
6621
6626
6806
6811
6816
6821
6826
6831
6836
6841
6846
7206
7211
7216
7221
7226
7231
7236
7241
7606
7611
7616
7621
7626
